    0.2850    0.6100
    0.2890    0.6082
    0.2796    0.6108
    0.2946    0.6079
    0.3013    0.6069
    0.2738    0.6123
    0.3096    0.6054
    0.2701    0.6107
    0.3185    0.6048
    0.3286    0.6027
    0.3404    0.6030
    0.2619    0.6122
    0.3456    0.6001
    0.2994    0.6086
    0.2521    0.6141
    0.3606    0.5976
    0.2411    0.6128
    0.2276    0.6132
    0.3761    0.5982
    0.3950    0.5957
    0.2121    0.6139
    0.1935    0.6161
    0.4169    0.5930
    0.2342    0.6150
    0.4413    0.5905
    0.3215    0.6036
    0.3173    0.6030
    0.4644    0.5863
    0.3051    0.6101
    0.4872    0.5817
    0.1815    0.6192
    0.1604    0.6231
    0.5141    0.5769
    0.1372    0.6243
    0.5429    0.5717
    0.3134    0.6115
    0.1974    0.6141
    0.2755    0.6143
    0.1149    0.6254
    0.0940    0.6276
    0.4338    0.5895
    0.3216    0.6116
    0.4874    0.5849
    0.5724    0.5667
    0.2808    0.6087
    0.6013    0.5635
    0.3258    0.6127
    0.6301    0.5599
    0.0803    0.6326
    0.3869    0.5968
    0.4590    0.5892
    0.3517    0.5993
    0.0808    0.6292
    0.6583    0.5560
    0.6873    0.5488
    0.7161    0.5412
    0.7437    0.5361
    0.7708    0.5272
    0.3334    0.6135
    0.2505    0.6162
    0.4774    0.5877
    0.4071    0.5951
    0.0659    0.6369
    0.7971    0.5182
    0.0557    0.6393
    0.3859    0.5967
    0.5382    0.5740
    0.3444    0.6140
    0.5058    0.5785
    0.2685    0.6098
    0.2758    0.6071
    0.2214    0.6123
    0.0502    0.6417
    0.0462    0.6453
    0.4585    0.5864
    0.8141    0.5093
    0.3288    0.6131
    0.1658    0.6195
    0.5335    0.5736
    0.3389    0.6143
    0.5340    0.5718
    0.4215    0.5910
    0.2695    0.6058
    0.7661    0.5276
    0.8329    0.5029
    0.2688    0.6046
    0.3605    0.6139
    0.1687    0.6216
    0.0993    0.6276
    0.8552    0.4949
    0.5630    0.5668
    0.8679    0.4857
    0.8824    0.4765
    0.8746    0.4886
    0.7641    0.5306
    0.8977    0.4699
    0.5067    0.5771
    0.0499    0.6497
    0.5556    0.5663
    0.8302    0.5018
    0.0532    0.6530
    0.3756    0.6140
    0.3693    0.5951
    0.9098    0.4603
    0.1481    0.6199
    0.3949    0.6116
    0.4089    0.6101
    0.8866    0.4812
    0.7356    0.5330
    0.4273    0.6093
    0.4365    0.5888
    0.4479    0.6073
    0.0434    0.6486
    0.0552    0.6571
    0.9203    0.4535
    0.0565    0.6619
    0.5058    0.5767
    0.9291    0.4458
    0.9352    0.4360
    0.3391    0.6139
    0.9379    0.4293
    0.1837    0.6143
    0.4830    0.5843
    0.3337    0.6139
    0.0682    0.6326
    0.9213    0.4525
    0.3210    0.6015
    0.3154    0.6124
    0.5615    0.5713
    0.5059    0.5770
    0.0597    0.6348
    0.0883    0.6322
    0.9345    0.4394
    0.2034    0.6171
    0.6213    0.5597
    0.3790    0.5919
    0.0893    0.6315
    0.2709    0.6155
    0.2737    0.6166
    0.5639    0.5712
    0.8927    0.4675
    0.3516    0.6145
    0.7122    0.5442
    0.1866    0.6139
    0.9392    0.4199
    0.9379    0.4107
    0.4151    0.6107
    0.4080    0.6108
    0.9321    0.4025
    0.0432    0.6530
    0.0419    0.6554
    0.4535    0.5868
    0.5059    0.5773
    0.9276    0.3941
    0.0882    0.6327
    0.5287    0.5719
    0.5251    0.5763
    0.5453    0.5738
    0.8894    0.4821
    0.5501    0.5740
    0.6811    0.5518
    0.9041    0.4745
    0.2679    0.6184
    0.9247    0.3868
    0.9384    0.4321
    0.2658    0.6032
    0.5448    0.5743
    0.0423    0.6504
    0.9219    0.3795
    0.5557    0.5659
    0.3889    0.6138
    0.9029    0.4753
    0.5083    0.5831
    0.3906    0.5885
    0.1264    0.6221
    0.4729    0.5832
    0.9271    0.3726
    0.3621    0.5974
    0.2644    0.6203
    0.9132    0.4508
    0.1711    0.6144
    0.9194    0.3748
    0.2599    0.6029
    0.4452    0.6075
    0.5252    0.5728
    0.4655    0.6036
    0.5511    0.5664
    0.0412    0.6580
    0.3020    0.6048
    0.0462    0.6447
    0.9167    0.3704
    0.9305    0.3651
    0.2187    0.6126
    0.5888    0.5685
    0.9162    0.4666
    0.5280    0.5810
    0.0769    0.6298
    0.9168    0.4665
    0.9341    0.4396
    0.5252    0.5723
    0.5271    0.5722
    0.4855    0.6019
    0.9266    0.4597
    0.2331    0.6117
    0.6218    0.5602
    0.3863    0.6127
    0.3435    0.6144
    0.7389    0.5384
    0.1453    0.6268
    0.4312    0.6076
    0.2624    0.6219
    0.0779    0.6298
    0.8932    0.4810
    0.5057    0.5793
    0.4843    0.5987
    0.6244    0.5573
    0.9182    0.3668
    0.2550    0.6024
    0.4042    0.5858
    0.8446    0.4930
    0.0534    0.6377
    0.9328    0.3592
    0.4628    0.6059
    0.4495    0.5879
    0.3466    0.6141
    0.3510    0.5972
    0.5451    0.5670
    0.8298    0.5009
    0.4511    0.5879
    0.2474    0.6014
    0.2444    0.6011
    0.2579    0.6232
    0.0408    0.6610
    0.8137    0.5119
    0.1316    0.6294
    0.3893    0.5888
    0.9258    0.3682
    0.4873    0.6039
    0.4484    0.6054
    0.0581    0.6658
    0.5462    0.5666
    0.1308    0.6308
    0.3715    0.5952
    0.9174    0.3687
    0.4192    0.5820
    0.9341    0.4526
    0.4831    0.6015
    0.3256    0.5993
    0.7046    0.5469
    0.8784    0.4778
    0.4440    0.6080
    0.7330    0.5394
    0.2607    0.6217
    0.9342    0.3531
    0.9154    0.3637
    0.9131    0.3569
    0.4227    0.6092
    0.3410    0.6144
    0.9407    0.4139
    0.8473    0.4962
    0.4722    0.5835
    0.0499    0.6395
    0.7091    0.5407
    0.9413    0.4244
    0.4016    0.6131
    0.2433    0.6025
    0.8865    0.4823
    0.6155    0.5644
    0.0418    0.6662
    0.1286    0.6298
    0.4370    0.5782
    0.9111    0.3512
    0.4335    0.5782
    0.4191    0.5833
    0.4846    0.5994
    0.0654    0.6318
    0.4211    0.5911
    0.8904    0.4820
    0.2584    0.6238
    0.5692    0.5609
    0.7563    0.5260
    0.5255    0.5733
    0.4506    0.5768
    0.4008    0.5864
    0.8880    0.4704
    0.8175    0.5123
    0.3726    0.6140
    0.9413    0.4075
    0.4491    0.5755
    0.7872    0.5252
    0.9351    0.3488
    0.7007    0.5468
    0.3922    0.6138
    0.4049    0.5860
    0.7745    0.5189
    0.8840    0.4823
    0.9087    0.3450
    0.1176    0.6344
    0.5125    0.6014
    0.8879    0.4824
    0.9354    0.3445
    0.9178    0.4441
    0.3574    0.5948
    0.2636    0.6026
    0.4435    0.6080
    0.5350    0.5987
    0.1130    0.6234
    0.1100    0.6235
    0.5252    0.5715
    0.4343    0.5789
    0.5713    0.5640
    0.9081    0.3394
    0.0472    0.6433
    0.3989    0.6117
    0.4434    0.6084
    0.4440    0.6066
    0.6854    0.5516
    0.6364    0.5604
    0.5615    0.5953
    0.0562    0.6341
    0.8951    0.4626
    0.7090    0.5466
    0.4217    0.6124
    0.8456    0.4915
    0.9434    0.4174
    0.2034    0.6144
    0.0805    0.6370
    0.0507    0.6362
    0.8892    0.4823
    0.0817    0.6292
    0.5890    0.5563
    0.4666    0.5712
    0.4653    0.5714
    0.7008    0.5464
    0.1919    0.6199
    0.5336    0.5988
    0.7917    0.5105
    0.5659    0.5627
    0.5541    0.5667
    0.7925    0.5115
    0.3301    0.5974
    0.9065    0.3359
    0.5936    0.5554
    0.1039    0.6389
    0.3643    0.5930
    0.3675    0.5934
    0.6151    0.5512
    0.9342    0.4517
    0.8902    0.4823
    0.2371    0.6117
    0.5463    0.5670
    0.9076    0.4743
    0.5699    0.5691
    0.5852    0.5917
    0.4859    0.5671
    0.1170    0.6346
    0.1499    0.6149
    0.5108    0.5623
    0.4864    0.5679
    0.0462    0.6397
    0.4164    0.6123
    0.8179    0.5120
    0.3969    0.5956
    0.5037    0.5633
    0.0424    0.6538
    0.8082    0.5027
    0.4037    0.5856
    0.6794    0.5507
    0.4010    0.5865
    0.9186    0.4354
    0.4499    0.5768
    0.5550    0.5954
    0.3827    0.6123
    0.8794    0.4794
    0.9306    0.3380
    0.0966    0.6251
    0.9129    0.3604
    0.3849    0.6118
    0.1341    0.6162
    0.5319    0.5571
    0.5348    0.5976
    0.4020    0.5854
    0.8360    0.5064
    0.8257    0.4971
    0.5036    0.5623
    0.9430    0.4182
    0.5077    0.6016
    0.9299    0.3320
    0.6785    0.5502
    0.5535    0.5703
    0.2591    0.6255
    0.6349    0.5444
    0.5535    0.5528
    0.5786    0.5472
    0.8572    0.4999
    0.6536    0.5377
    0.8500    0.4998
    0.1125    0.6178
    0.4408    0.6107
    0.8770    0.4930
    0.5739    0.5470
    0.4846    0.5670
    0.4503    0.5747
    0.9384    0.4434
    0.1163    0.6349
    0.9043    0.3308
    0.5994    0.5412
    0.3768    0.5898
    0.4506    0.5749
    0.5855    0.5919
    0.6560    0.5379
    0.5077    0.6005
    0.4831    0.5670
    0.9419    0.3998
    0.5740    0.5488
    0.1313    0.6302
    0.5537    0.5528
    0.8515    0.4991
    0.1557    0.6232
    0.1748    0.6147
    0.5012    0.5630
    0.5048    0.5634
    0.4829    0.5682
    0.9023    0.3282
    0.9377    0.4373
    0.9148    0.3637
    0.1800    0.6212
    0.5931    0.5412
    0.7543    0.5305
    0.7738    0.5193
    0.1507    0.6148
    0.5331    0.5964
    0.5295    0.5576
    0.6264    0.5354
    0.5547    0.5956
    0.6130    0.5355
    0.0605    0.6341
    0.5085    0.6015
    0.5902    0.5919
    0.8586    0.4822
    0.9014    0.3253
    0.5397    0.5989
    0.9430    0.4089
    0.7550    0.5279
    0.6837    0.5306
    0.8719    0.4730
    0.8821    0.4654
    0.5735    0.5480
    0.1277    0.6156
    0.3350    0.5955
    0.4830    0.5673
    0.4016    0.6102
    0.9130    0.3538
    0.5073    0.6009
    0.8953    0.4865
    0.9443    0.4086
    0.6125    0.5879
    0.9303    0.3281
    0.5482    0.5536
    0.0458    0.6392
    0.5345    0.5976
    0.5691    0.5958
    0.4693    0.5703
    0.9103    0.4787
    0.8952    0.4850
    0.9216    0.4716
    0.9382    0.4428
    0.5684    0.5484
    0.4635    0.6084
    0.5701    0.5479
    0.0514    0.6367
    0.1363    0.6168
    0.7033    0.5242
    0.5352    0.5988
    0.3411    0.6133
    0.5303    0.5576
    0.9315    0.3219
    0.9286    0.3159
    0.8864    0.4863
    0.0419    0.6657
    0.9423    0.4359
    0.0926    0.6205
    0.5038    0.5637
    0.3756    0.5901
    0.6452    0.5320
    0.8914    0.4571
    0.4690    0.5713
    0.4681    0.5704
    0.8506    0.5004
    0.6636    0.5257
    0.0442    0.6711
    0.6383    0.5835
    0.8698    0.4758
    0.0751    0.6229
    0.8408    0.4901
    0.7056    0.5454
    0.5035    0.5624
    0.9419    0.4300
    0.6120    0.5364
    0.0584    0.6703
    0.6321    0.5296
    0.9009    0.3203
    0.9318    0.3174
    0.0433    0.6431
    0.6597    0.5786
    0.9451    0.4009
    0.6602    0.5787
    0.0417    0.6680
    0.6555    0.5242
    0.1916    0.6185
    0.8994    0.3179
    0.1714    0.6142
    0.9103    0.4793
    0.4482    0.6029
    0.9437    0.4128
    0.0437    0.6424
    0.9444    0.3926
    0.5295    0.5579
    0.4825    0.6053
    0.3862    0.5880
    0.1284    0.6301
    0.9307    0.4637
    0.0447    0.6754
    0.9371    0.4559
    0.7909    0.5137
    0.1935    0.6156
    0.0440    0.6783
    0.8243    0.4940
    0.9413    0.4484
    0.4666    0.5732
    0.5008    0.5673
    0.8719    0.4926
    0.5219    0.5585
    0.9313    0.3195
    0.4344    0.6109
    0.9441    0.3844
    0.9308    0.3127
    0.4217    0.5823
    0.5452    0.5673
    0.9355    0.3387
    0.1119    0.6173
    0.8878    0.4864
    0.2512    0.6139
    0.2581    0.6261
    0.7235    0.5166
    0.3988    0.5852
    0.1081    0.6170
    0.9317    0.3147
    0.8094    0.5022
    0.4863    0.5668
    0.9415    0.4490
    0.6895    0.5731
    0.8932    0.4865
    0.8717    0.4934
    0.5039    0.5625
    0.8995    0.3132
    0.3422    0.5934
    0.9069    0.3390
    0.5027    0.6033
    0.8991    0.3084
    0.3390    0.5953
    0.0443    0.6825
    0.8390    0.4851
    0.0451    0.6846
    0.9204    0.4727
    0.2304    0.6004
    0.9220    0.3825
    0.0627    0.6250
    0.2566    0.6275
    0.7435    0.5093
    0.2376    0.6011
    0.4119    0.5828
    0.3447    0.5929
    0.9427    0.4400
    0.9434    0.4416
    0.9204    0.3748
    0.3972    0.5966
    0.4175    0.6120
    0.5910    0.5917
    0.4274    0.5797
    0.9305    0.3090
    0.0532    0.6286
    0.5507    0.5764
    0.9208    0.4714
    0.7234    0.5166
    0.8699    0.4929
    0.1173    0.6353
    0.8732    0.4927
    0.2140    0.6001
    0.5576    0.5954
    0.0444    0.6891
    0.0408    0.6641
    0.8901    0.4571
    0.8828    0.4851
    0.9452    0.4334
    0.3731    0.5911
    0.4899    0.6064
    0.9287    0.3039
    0.9010    0.3256
    0.9307    0.4643
    0.5218    0.5582
    0.9357    0.3320
    0.4871    0.5665
    0.9174    0.3508
    0.2538    0.6292
    0.9435    0.3773
    0.2963    0.6063
    0.4423    0.5785
    0.9343    0.4450
    0.2212    0.6003
    0.1988    0.6001
    0.3495    0.6144
    0.4265    0.5798
    0.8964    0.4513
    0.7413    0.5105
    0.3871    0.6137
    0.1826    0.6175
    0.7168    0.5678
    0.9054    0.3104
    0.8983    0.3046
    0.0895    0.6188
    0.7895    0.5206
    0.5015    0.5647
    0.7603    0.5027
    0.0600    0.6748
    0.9158    0.4728
    0.8764    0.4925
    0.7909    0.5251
    0.4418    0.5765
    0.8530    0.5004
    0.0484    0.6316
    0.9438    0.4419
    0.3522    0.5904
    0.9214    0.4274
    0.9445    0.4347
    0.5300    0.5958
    0.3388    0.6138
    0.9358    0.4577
    0.9428    0.3720
    0.9088    0.3425
    0.9434    0.4408
    0.0413    0.6553
    0.1547    0.6223
    0.9285    0.2984
    0.9446    0.4409
    0.4690    0.5707
    0.0449    0.6341
    0.9463    0.4270
    0.9341    0.4574
    0.0427    0.6371
    0.9099    0.4788
    0.0446    0.6922
    0.9292    0.4644
    0.8964    0.3004
    0.8928    0.4561
    0.4521    0.6094
    0.9466    0.4239
    0.8387    0.4875
    0.4063    0.6129
    0.3413    0.5941
    0.9223    0.4721
    0.9410    0.3674
    0.9313    0.4653
    0.3393    0.6145
    0.8511    0.4993
    0.0414    0.6419
    0.0726    0.6209
    0.7813    0.4949
    0.8702    0.4743
    0.0515    0.6961
    0.4573    0.5743
    0.7685    0.5013
    0.9387    0.4363
    0.9447    0.4410
    0.0415    0.6659
    0.4863    0.5692
    0.0425    0.6364
    0.1693    0.6207
    0.0615    0.6241
    0.7766    0.4947
    0.4830    0.6061
    0.3478    0.5917
    0.8973    0.4483
    0.8717    0.4921
    0.0449    0.6340
    0.4584    0.6085
    0.0531    0.6263
    0.8991    0.4515
    0.4708    0.5707
    0.9431    0.3796
    0.0421    0.6389
    0.4851    0.5991
    0.9140    0.3644
    0.5912    0.5919
    0.9420    0.3652
    0.2346    0.6013
    0.3602    0.6133
    0.9433    0.4416
    0.5193    0.5601
    0.0481    0.6302
    0.0408    0.6402
    0.4255    0.5816
    0.3682    0.5877
    0.1170    0.6321
    0.1674    0.6230
    0.4840    0.6066
    0.8942    0.2975
    0.9199    0.3780
    0.1797    0.6230
    0.9076    0.3415
    0.8942    0.2933
    0.4601    0.6079
    0.9280    0.4654
    0.4827    0.5677
    0.9073    0.4794
    0.8416    0.5063
    0.8927    0.2945
    0.0442    0.6326
    0.2215    0.6012
    0.1118    0.6168
    0.7983    0.4865
    0.0422    0.6678
    0.3754    0.6139
    0.4369    0.5884
    0.9473    0.4179
    0.8913    0.2928
    0.2041    0.6000
    0.8150    0.5190
    0.9038    0.4783
    0.9034    0.4397
    0.9341    0.3266
    0.8346    0.5128
    0.2494    0.6312
    0.2347    0.6011
    0.1316    0.6278
    0.9302    0.4652
    0.9019    0.4566
    0.2528    0.6297
    0.9366    0.4575
    0.3594    0.5890
    0.3625    0.6149
    0.9412    0.3800
    0.4505    0.5746
    0.9429    0.3729
    0.0899    0.6407
    0.8573    0.5059
    0.6511    0.5231
    0.2644    0.6026
    0.9457    0.4329
    0.2473    0.6322
    0.8893    0.4721
    0.3468    0.5909
    0.9154    0.3530
    0.9423    0.3695
    0.3720    0.6146
    0.4864    0.5704
    0.4625    0.6091
    0.8700    0.4991
    0.8953    0.4787
    0.7918    0.5124
    0.9342    0.4337
    0.9436    0.3762
    0.5115    0.6039
    0.4585    0.5747
    0.0562    0.6983
    0.3449    0.6134
    0.9455    0.4100
    0.4762    0.5705
    0.0430    0.6359
    0.8558    0.4762
    0.2641    0.6013
    0.5057    0.5640
    0.9399    0.3583
    0.9072    0.3415
    0.1634    0.6267
    0.8135    0.4800
    0.1831    0.6004
    0.5048    0.6028
    0.4535    0.5878
    0.3425    0.6142
    0.8311    0.4713
    0.1804    0.6226
    0.9426    0.4396
    0.0579    0.6682
    0.9437    0.4426
    0.0472    0.6304
    0.9147    0.3601
    0.2353    0.6008
    0.4063    0.6112
    0.9405    0.4506
    0.9442    0.3852
    0.9318    0.3877
    0.7228    0.5193
    0.9090    0.4312
    0.0596    0.7005
    0.3923    0.6146
    0.9343    0.3283
    0.9460    0.4333
    0.9187    0.4726
    0.3526    0.5886
    0.9076    0.4509
    0.0450    0.6949
    0.2369    0.6323
    0.7739    0.5242
    0.2306    0.6343
    0.0399    0.6458
    0.8437    0.4651
    0.5108    0.6012
    0.7939    0.4885
    0.8555    0.4565
    0.0441    0.6326
    0.9298    0.4653
    0.7931    0.4885
    0.9440    0.3789
    0.5937    0.5924
    0.1697    0.6011
    0.8664    0.4502
    0.9022    0.4784
    0.2562    0.6002
    0.4116    0.5833
    0.8897    0.2905
    0.4253    0.6118
    0.3387    0.5945
    0.2431    0.6011
    0.8771    0.4989
    0.3204    0.6136
    0.0451    0.6973
    0.1312    0.6301
    0.3833    0.6139
    0.2036    0.6002
    0.9445    0.4424
    0.0936    0.6402
    0.2224    0.6005
    0.2226    0.6006
    0.0615    0.7008
    0.8395    0.5125
    0.3613    0.5871
    0.9423    0.4439
    0.0424    0.6359
    0.9278    0.2939
    0.9284    0.4655
    0.3588    0.5861
    0.6808    0.5731
    0.9216    0.3640
    0.0613    0.7043
    0.9429    0.3690
    0.0480    0.6296
    0.9424    0.3778
    0.0693    0.6261
    0.2458    0.5993
    0.8367    0.5130
    0.8542    0.5061
    0.9373    0.4582
    0.9070    0.4799
    0.8899    0.2879
    0.4235    0.6122
    0.3680    0.5843
    0.8400    0.5126
    0.8942    0.4920
    0.2229    0.6002
    0.8093    0.4803
    0.9404    0.4501
    0.9249    0.4655
    0.8593    0.5059
    0.9278    0.4591
    0.9096    0.4845
    0.8890    0.2890
    0.3621    0.6139
    0.9476    0.4117
    0.7966    0.4870
    0.4062    0.6137
    0.8662    0.4513
    0.7921    0.5110
    0.3727    0.6149
    0.9343    0.4279
    0.8954    0.4906
    0.9125    0.4230
    0.9419    0.3741
    0.9468    0.4260
    0.3812    0.5933
    0.2534    0.6011
    0.4449    0.6081
    0.9045    0.4639
    0.9443    0.4401
    0.5698    0.5954
    0.9473    0.4181
    0.4097    0.6136
    0.0607    0.6231
    0.4869    0.6073
    0.1105    0.6169
    0.2737    0.6184
    0.9453    0.4361
    0.3587    0.5863
    0.8319    0.5125
    0.4608    0.6088
    0.4814    0.6047
    0.9364    0.4583
    0.5082    0.6046
    0.0478    0.6289
    0.9187    0.3728
    0.0777    0.6215
    0.5379    0.6009
    0.9376    0.4581
    0.0409    0.6633
    0.9268    0.2904
    0.9412    0.4512
    0.1482    0.6023
    0.4208    0.6125
    0.3766    0.6143
    0.3223    0.6142
    0.8778    0.4418
    0.8896    0.2841
    0.9076    0.4335
    0.4114    0.5826
    0.4246    0.6120
    0.4248    0.5793
    0.9463    0.4343
    0.1503    0.6289
    0.9065    0.3381
    0.9178    0.3729
    0.1147    0.6337
    0.4448    0.5757
    0.1257    0.6036
    0.5407    0.5539
    0.8829    0.4923
    0.9277    0.4390
    0.9413    0.4482
    0.3872    0.6145
    0.8574    0.4567
    0.8446    0.4645
    0.9144    0.4158
    0.4114    0.5839
    0.4824    0.6070
    0.2521    0.6294
    0.9396    0.3510
    0.3504    0.5916
    0.4850    0.6007
    0.9414    0.4501
    0.1294    0.6035
    0.2183    0.6357
    0.0636    0.7064
    0.8090    0.5181
    0.4127    0.5831
    0.4243    0.6125
    0.1678    0.6019
    0.0454    0.6316
    0.4462    0.6112
    0.5594    0.5497
    0.9416    0.3620
    0.8904    0.4701
    0.2747    0.6062
    0.7955    0.4863
    0.0471    0.6290
    0.4710    0.6095
    0.5629    0.5494
    0.7932    0.4864
    0.3997    0.6120
    0.8939    0.2963
    0.8322    0.5127
    0.9108    0.3573
    0.9418    0.4494
    0.7607    0.5017
    0.4088    0.6140
    0.0435    0.6318
    0.9468    0.4356
    0.9090    0.3537
    0.2244    0.6356
    0.1151    0.6087
    0.0456    0.7002
    0.4483    0.6112
    0.3676    0.5834
    0.9220    0.4769
    0.8848    0.4357
    0.2193    0.6368
    0.8886    0.2874
    0.7430    0.5622
    0.9293    0.4685
    0.4414    0.5768
    0.4449    0.6108
    0.2134    0.6001
    0.0409    0.6692
    0.9391    0.3472
    0.0419    0.6346
    0.8766    0.4995
    0.9301    0.3971
    0.5589    0.5958
    0.4422    0.6113
    0.0651    0.7098
    0.4739    0.6096
    0.0998    0.6103
    0.9207    0.4776
    0.9356    0.3267
    0.7789    0.4943
    0.4423    0.5759
    0.4211    0.6129
    0.4719    0.6093
    0.3791    0.5810
    0.4966    0.6068
    0.9409    0.4498
    0.9388    0.3415
    0.7777    0.4939
    0.2731    0.6195
    0.4244    0.6129
    0.6741    0.5173
    0.9425    0.4444
    0.8090    0.4818
    0.9439    0.3790
    0.1361    0.6300
    0.6946    0.5116
    0.0416    0.6344
    0.8913    0.4583
    0.7625    0.5299
    0.3759    0.5815
    0.5205    0.5596
    0.9422    0.4484
    0.5216    0.6042
    0.8453    0.4661
    0.9446    0.4417
    0.3656    0.5845
    0.8668    0.4705
    0.3456    0.6143
    0.9421    0.4507
    0.8235    0.4728
    0.9276    0.2916
    0.8320    0.5125
    0.9203    0.4771
    0.9362    0.4135
    0.1354    0.6160
    0.9283    0.4389
    0.1292    0.6039
    0.2298    0.6147
    0.4066    0.6140
    0.9306    0.3602
    0.1028    0.6057
    0.7720    0.5563
    0.8087    0.4790
    0.9121    0.4716
    0.2532    0.5997
    0.5008    0.5623
    0.0462    0.6317
    0.9302    0.4695
    0.0406    0.6368
    0.5051    0.5625
    0.4985    0.6076
    0.4695    0.6086
    0.0452    0.7042
    0.3684    0.5865
    0.8677    0.4865
    0.9425    0.3946
    0.8771    0.4419
    0.7148    0.5043
    0.8875    0.2865
    0.9318    0.4209
    0.3429    0.5920
    0.8764    0.4421
    0.9310    0.4701
    0.8662    0.4479
    0.2520    0.6308
    0.8089    0.4795
    0.2185    0.6358
    0.9221    0.4767
    0.9475    0.4055
    0.5203    0.5585
    0.9191    0.4763
    0.7365    0.4971
    0.8906    0.4302
    0.3917    0.5796
    0.4326    0.5923
    0.9022    0.3258
    0.9191    0.4774
    0.7848    0.4964
    0.7972    0.5499
    0.9078    0.4852
    0.3490    0.5904
    0.2708    0.6211
    0.8134    0.4805
    0.9430    0.3711
    0.9173    0.3453
    0.3604    0.6134
    0.9473    0.4031
    0.5203    0.5579
    0.0453    0.6324
    0.4887    0.5668
    0.9151    0.4081
    0.3395    0.6137
    0.7332    0.4974
    0.8967    0.2799
    0.8657    0.4488
    0.9346    0.4632
    0.9459    0.3961
    0.0861    0.6084
    0.2697    0.6231
    0.8080    0.4786
    0.9006    0.3236
    0.0735    0.6111
    0.4058    0.6141
    0.8229    0.4716
    0.2510    0.5994
    0.8746    0.4416
    0.0610    0.6141
    0.8370    0.4631
    0.2329    0.6025
    0.3473    0.5909
    0.9401    0.3615
    0.9206    0.4773
    0.8526    0.4554
    0.4121    0.5763
    0.7527    0.4924
    0.9464    0.4354
    0.8886    0.2897
    0.9414    0.3881
    0.9472    0.4117
    0.4386    0.6079
    0.9372    0.4631
    0.9430    0.3739
    0.8499    0.4569
    0.1663    0.6018
    0.8293    0.5047
    0.0416    0.6376
    0.0452    0.7072
    0.8753    0.4424
    0.6706    0.5165
    0.8220    0.5426
    0.8672    0.4981
    0.9312    0.4699
    0.5599    0.5967
    0.8084    0.4790
    0.8902    0.2877
    0.3835    0.6138
    0.1129    0.6233
    0.0658    0.7127
    0.8955    0.2760
    0.9231    0.2852
    0.8915    0.4927
    0.5601    0.5491
    0.1325    0.6035
    0.9417    0.4558
    0.3162    0.6129
    0.9471    0.4001
    0.1866    0.6003
    0.9058    0.4853
    0.8993    0.3223
    0.8938    0.4307
    0.0409    0.6508
    0.8522    0.4783
    0.9419    0.3642
    0.4591    0.5730
    0.9131    0.4180
    0.2050    0.6384
    0.9199    0.4777
    0.8387    0.5347
    0.9451    0.4336
    0.9180    0.4001
    0.4238    0.6120
    0.3780    0.5805
    0.5414    0.5528
    0.9415    0.4558
    0.9275    0.2869
    0.4213    0.6132
    0.3676    0.5839
    0.2431    0.6018
    0.2519    0.6318
    0.9472    0.3966
    0.9435    0.4493
    0.9436    0.3732
    0.8818    0.4659
    0.7503    0.4904
    0.9022    0.4458
    0.9066    0.3380
    0.0445    0.6314
    0.7942    0.4865
    0.5411    0.5537
    0.8642    0.4470
    0.9218    0.4766
    0.3594    0.5872
    0.7667    0.4848
    0.1911    0.6410
    0.2484    0.6334
    0.8225    0.4701
    0.9382    0.3372
    0.9472    0.4108
    0.9469    0.4294
    0.8738    0.4406
    0.5222    0.6049
    0.8402    0.5351
    0.2690    0.6241
    0.4671    0.6089
    0.0639    0.7157
    0.9162    0.4774
    0.0402    0.6392
    0.8617    0.5272
    0.1804    0.6435
    0.0612    0.7011
    0.8750    0.5198
    0.9025    0.4701
    0.0530    0.6170
    0.2517    0.6335
    0.9432    0.3711
    0.4946    0.5672
    0.8494    0.4555
    0.6700    0.5164
    0.9171    0.4535
    0.9464    0.4290
    0.7317    0.4999
    0.8740    0.4415
    0.8610    0.4473
    0.8750    0.5201
    0.7977    0.4903
    0.0634    0.7189
    0.9303    0.3454
    0.1531    0.6020
    0.0485    0.6198
    0.3247    0.6047
    0.2423    0.5987
    0.3332    0.5957
    0.9286    0.3454
    0.9466    0.3898
    0.4274    0.6125
    0.0766    0.6106
    0.2367    0.5986
    0.3461    0.6026
    0.6809    0.5731
    0.9050    0.3235
    0.3387    0.6133
    0.9313    0.4699
    0.8374    0.4620
    0.9433    0.3742
    0.8811    0.4331
    0.0915    0.6432
    0.8873    0.4252
    0.9353    0.4631
    0.2348    0.5985
    0.6879    0.5108
    0.9449    0.4415
    0.4251    0.5744
    0.5191    0.5576
    0.8867    0.2846
    0.8913    0.5127
    0.8866    0.2839
    0.8922    0.4179
    0.3440    0.6136
    0.9308    0.4628
    0.8973    0.4110
    0.9416    0.4418
    0.0652    0.7215
    0.0458    0.7109
    0.3872    0.5791
    0.3986    0.5763
    0.9477    0.4181
    0.8499    0.4551
    0.9422    0.4554
    0.3366    0.5949
    0.6335    0.5299
    0.8179    0.5431
    0.3003    0.6036
    0.9216    0.4370
    0.2515    0.6338
    0.9450    0.3848
    0.7634    0.5562
    0.8858    0.2820
    0.1491    0.6294
    0.0498    0.6195
    0.2514    0.6332
    0.7484    0.4956
    0.8864    0.2817
    0.8894    0.4588
    0.9018    0.4029
    0.0473    0.6207
    0.8929    0.2740
    0.1348    0.6326
    0.8355    0.5362
    0.0502    0.6223
    0.8282    0.4715
    0.9470    0.4283
    0.9206    0.3401
    0.9406    0.3565
    0.1678    0.6009
    0.3727    0.6145
    0.9471    0.4122
    0.8706    0.4404
    0.8513    0.4542
    0.9432    0.3669
    0.8383    0.4627
    0.9269    0.2830
    0.8932    0.4197
    0.5428    0.5526
    0.8987    0.3192
    0.8973    0.4530
    0.3979    0.5761
    0.3878    0.5776
    0.0611    0.6135
    0.1820    0.6174
    0.4143    0.5730
    0.4916    0.6077
    0.8497    0.4565
    0.8739    0.4415
    0.8568    0.5277
    0.0397    0.6495
    0.8605    0.5277
    0.4247    0.6133
    0.8957    0.4743
    0.7501    0.4921
    0.0410    0.6389
    0.9119    0.4771
    0.6157    0.5878
    0.5911    0.5919
    0.9477    0.4283
    0.7827    0.4793
    0.0668    0.7224
    0.3657    0.5837
    0.4284    0.5697
    0.9046    0.5052
    0.8496    0.4536
    0.8164    0.5421
    0.3717    0.6136
    0.9419    0.4565
    0.0601    0.6422
    0.7837    0.4786
    0.8361    0.4637
    0.8930    0.5128
    0.0850    0.6079
    0.8869    0.5125
    0.7671    0.4838
    0.9279    0.2958
    0.9116    0.3368
    0.9191    0.4975
    0.9076    0.3950
    0.8877    0.2777
    0.9092    0.4564
    0.7988    0.4720
    0.0441    0.6256
    0.8409    0.4916
    0.0541    0.6159
    0.8142    0.4666
    0.9308    0.3925
    0.0551    0.6174
    0.5403    0.5528
    0.9124    0.4980
    0.4235    0.6131
    0.8577    0.5279
    0.8804    0.4344
    0.8624    0.5281
    0.4706    0.6086
    0.8919    0.2703
    0.3595    0.6149
    0.8833    0.5193
    0.0458    0.7132
    0.9294    0.4688
    0.0904    0.6081
    0.9007    0.4065
    0.8815    0.5208
    0.6343    0.5299
    0.0506    0.6185
    0.2710    0.6256
    0.8784    0.5197
    0.2465    0.6357
    0.9095    0.5043
    0.0467    0.7168
    0.0879    0.6077
    0.9454    0.4471
    0.0453    0.7085
    0.0496    0.7191
    0.9218    0.4967
    0.9305    0.4892
    0.4220    0.6133
    0.3550    0.6136
    0.3532    0.6151
    0.9320    0.4889
    0.9035    0.3964
    0.9179    0.4722
    0.9077    0.3889
    0.9339    0.3233
    0.3796    0.6150
    0.9468    0.3994
    0.0479    0.6199
    0.0481    0.6196
    0.3662    0.5844
    0.9479    0.4283
    0.9426    0.3623
    0.2456    0.6350
    0.8976    0.3206
    0.9485    0.4216
    0.9426    0.4125
    0.2390    0.6375
    0.1195    0.6368
    0.9451    0.3846
    0.9046    0.3892
    0.8579    0.5272
    0.3290    0.6145
    0.4442    0.5666
    0.9084    0.4716
    0.0528    0.6167
    0.9084    0.3496
    0.0678    0.6168
    0.8963    0.3185
    0.8845    0.2780
    0.0467    0.7197
    0.4127    0.6090
    0.9254    0.2820
    0.0445    0.6232
    0.7662    0.4835
    0.3662    0.5834
    0.5197    0.6043
    0.2983    0.6031
    0.8963    0.3136
    0.0408    0.6401
    0.8614    0.4497
    0.5603    0.5478
    0.9386    0.4804
    0.3922    0.6127
    0.0422    0.6716
    0.9270    0.2856
    0.8130    0.4644
    0.9433    0.4719
    0.3989    0.5745
    0.8686    0.4514
    0.8968    0.4125
    0.3684    0.5833
    0.1527    0.6027
    0.8843    0.2765
    0.8960    0.4517
    0.2967    0.6012
    0.9260    0.2792
    0.3542    0.6141
    0.9439    0.4718
    0.0462    0.6194
    0.2191    0.5986
    0.4052    0.6137
    0.1078    0.6055
    0.2547    0.6270
    0.8274    0.4565
    0.8405    0.4500
    0.9110    0.3843
    0.9014    0.4565
    0.8351    0.5356
    0.9368    0.4811
    0.1878    0.6014
    0.8367    0.5361
    0.8400    0.4905
    0.7402    0.5622
    0.3591    0.5868
    0.9095    0.5047
    0.1813    0.6413
    0.7646    0.5554
    0.2054    0.5986
    0.8973    0.5135
    0.0759    0.6101
    0.9307    0.3032
    0.0501    0.6189
    0.9187    0.4277
    0.7993    0.4715
    0.1311    0.6036
    0.3499    0.5922
    0.8859    0.2839
    0.4700    0.6092
    0.8159    0.5427
    0.2287    0.5984
    0.8997    0.4236
    0.8954    0.3147
    0.4382    0.6119
    0.8518    0.4428
    0.3980    0.5745
    0.9423    0.3597
    0.0522    0.6161
    0.4103    0.5724
    0.2719    0.6267
    0.2773    0.6078
    0.7909    0.5499
    0.9395    0.4807
    0.3632    0.6103
    0.9427    0.3624
    0.0828    0.6081
    0.9440    0.4720
    0.7825    0.4777
    0.0492    0.7215
    0.0663    0.7245
    0.5008    0.5623
    0.9413    0.4717
    0.1320    0.6036
    0.9296    0.4894
    0.8816    0.4358
    0.4967    0.6070
    0.8843    0.5202
    0.9380    0.4736
    0.8638    0.4350
    0.2200    0.5987
    0.7666    0.5550
    0.9144    0.4126
    0.0880    0.6080
    0.8401    0.4517
    0.9282    0.2981
    0.2641    0.6002
    0.4444    0.6119
    0.1330    0.6063
    0.8892    0.2672
    0.9070    0.3478
    0.5472    0.6018
    0.8720    0.4289
    0.3283    0.6138
    0.8751    0.5208
    0.3748    0.5817
    0.8405    0.4493
    0.9485    0.4200
    0.8716    0.4930
    0.8880    0.2653
    0.8913    0.4682
    0.2637    0.6012
    0.3488    0.5894
    0.9470    0.3971
    0.0425    0.6224
    0.8752    0.5203
    0.9486    0.4140
    0.9445    0.4734
    0.4243    0.5692
    0.1525    0.6019
    0.9457    0.3884
    0.9190    0.4360
    0.9165    0.4890
    0.9278    0.2993
    0.8344    0.5131
    0.7676    0.4831
    0.8800    0.5204
    0.3736    0.5950
    0.3628    0.6152
    0.8162    0.4661
    0.9224    0.4971
    0.9477    0.4646
    0.8289    0.4565
    0.0728    0.6101
    0.9474    0.4398
    0.2352    0.6390
    0.3907    0.6148
    0.8272    0.4595
    0.0598    0.7261
    0.2324    0.6409
    0.6560    0.5549
    0.9474    0.4658
    0.3321    0.6139
    0.9483    0.4568
    0.1269    0.6035
    0.1915    0.6002
    0.3674    0.5833
    0.7843    0.5206
    0.2286    0.6427
    0.3350    0.6152
    0.9136    0.4520
    0.9471    0.4653
    0.3547    0.5873
    0.2756    0.6276
    0.9139    0.4782
    0.2437    0.6366
    0.9318    0.4889
    0.9475    0.4109
    0.9280    0.4897
    0.7988    0.4700
    0.8529    0.4414
    0.3244    0.6107
    0.8307    0.5097
    0.3539    0.5886
    0.0404    0.6510
    0.4085    0.6139
    0.7365    0.5362
    0.3835    0.6149
    0.8247    0.4955
    0.1372    0.6030
    0.8827    0.2738
    0.8398    0.5357
    0.7011    0.5681
    0.2801    0.6291
    0.9278    0.3567
    0.4595    0.5653
    0.8968    0.3189
    0.2201    0.6445
    0.8521    0.4412
    0.9155    0.2812
    0.8626    0.4361
    0.9012    0.5124
    0.8795    0.4208
    0.2303    0.6118
    0.3737    0.6153
    0.7635    0.5535
    0.1691    0.6458
    0.3465    0.6156
    0.8834    0.2766
    0.0665    0.7152
    0.4947    0.6068
    0.2120    0.6360
    0.0409    0.6249
    0.9303    0.3015
    0.5033    0.5804
    0.9104    0.4772
    0.0407    0.6276
    0.8939    0.3107
    0.0483    0.7239
    0.9238    0.4895
    0.1692    0.6406
    0.9373    0.4815
    0.9064    0.5058
    0.9219    0.4902
    0.9073    0.3473
    0.3707    0.5975
    0.0674    0.6133
    0.7051    0.5038
    0.2487    0.6355
    0.3373    0.5944
    0.9491    0.4589
    0.9116    0.5036
    0.8763    0.5201
    0.8128    0.4641
    0.9502    0.4497
    0.9511    0.4414
    0.9476    0.4655
    0.8089    0.5189
    0.9483    0.4059
    0.7912    0.5488
    0.3245    0.6149
    0.3770    0.6151
    0.5792    0.5445
    0.9146    0.5047
    0.3547    0.6157
    0.0806    0.6378
    0.9050    0.3838
    0.9491    0.4582
    0.4614    0.5897
    0.8324    0.5113
    0.9247    0.2757
    0.4142    0.5717
    0.9480    0.4059
    0.0424    0.6238
    0.0681    0.7249
    0.1953    0.6011
    0.6244    0.5884
    0.0460    0.6195
    0.9472    0.3994
    0.8978    0.3185
    0.9481    0.4076
    0.4934    0.6072
    0.2842    0.6305
    0.0953    0.6105
    0.8554    0.5054
    0.4605    0.5631
    0.9483    0.4134
    0.1944    0.5989
    0.9498    0.4562
    0.8964    0.3188
    0.8623    0.4347
    0.2249    0.6132
    0.3546    0.5871
    0.9502    0.4473
    0.6847    0.5222
    0.2832    0.6310
    0.9046    0.5052
    0.8523    0.4778
    0.9104    0.4283
    0.8954    0.3164
    0.9416    0.3525
    0.4401    0.5693
    0.8941    0.3093
    0.7816    0.4767
    0.3618    0.5872
    0.0501    0.7266
    0.9476    0.4079
    0.4951    0.6063
    0.9438    0.4719
    0.9448    0.3883
    0.2201    0.5984
    0.7971    0.4694
    0.9276    0.4898
    0.4025    0.5753
    0.1368    0.6030
    0.8795    0.4226
    0.2891    0.6322
    0.0431    0.6227
    0.9182    0.4970
    0.3542    0.5882
    0.1530    0.6017
    0.2963    0.6324
    0.9494    0.4585
    0.4417    0.5662
    0.9484    0.4069
    0.9374    0.4564
    0.8951    0.5121
    0.4254    0.6127
    0.2072    0.6468
    0.4000    0.5747
    0.9397    0.4812
    0.7825    0.5239
    0.8950    0.3149
    0.8389    0.4860
    0.9313    0.4084
    0.7985    0.4695
    0.8849    0.2808
    0.9191    0.4659
    0.7967    0.4690
    0.8997    0.4070
    0.9345    0.3205
    0.8830    0.2714
    0.4285    0.6131
    0.8238    0.5432
    0.4421    0.5788
    0.0401    0.6540
    0.4207    0.6115
    0.0403    0.6250
    0.8813    0.2721
    0.4794    0.5594
    0.9253    0.4962
    0.0421    0.6663
    0.2634    0.5999
    0.8412    0.4491
    0.0459    0.6202
    0.2939    0.6334
    0.4602    0.5664
    0.3272    0.6096
    0.9267    0.4966
    0.0873    0.6081
    0.9467    0.4054
    0.9328    0.3161
    0.9357    0.4883
    0.8847    0.2812
    0.3324    0.6119
    0.1982    0.6483
    0.9063    0.3441
    0.0818    0.6464
    0.8797    0.4803
    0.8793    0.4246
    0.5934    0.5913
    0.9246    0.2714
    0.9460    0.3849
    0.7225    0.4994
    0.9034    0.3251
    0.4204    0.6129
    0.9507    0.4417
    0.1676    0.6009
    0.9491    0.4504
    0.0611    0.6126
    0.8402    0.4490
    0.0851    0.6329
    0.2233    0.6432
    0.9438    0.4325
    0.4241    0.5693
    0.2927    0.6340
    0.2597    0.5991
    0.0694    0.7276
    0.4421    0.5666
    0.0669    0.7302
    0.8802    0.2720
    0.9422    0.4347
    0.9102    0.3847
    0.0678    0.7329
    0.2629    0.5994
    0.1767    0.5995
    0.3885    0.5801
    0.0531    0.6151
    0.7540    0.5262
    0.7395    0.4923
    0.9064    0.4508
    0.1567    0.6003
    0.9022    0.5125
    0.9184    0.4465
    0.5806    0.5433
    0.9073    0.3498
    0.2995    0.6345
    0.3977    0.5954
    0.3476    0.5894
    0.0417    0.6667
    0.9090    0.5044
    0.0956    0.6185
    0.3009    0.6354
    0.8716    0.5192
    0.8908    0.4302
    0.8138    0.4797
    0.8242    0.5429
    0.9121    0.3597
    0.9422    0.3954
    0.8774    0.4458
    0.0882    0.6076
    0.4325    0.6095
    0.9500    0.4510
    0.3890    0.5784
    0.1215    0.6051
    0.4381    0.5905
    0.9475    0.4190
    0.9067    0.3795
    0.4138    0.5715
    0.8791    0.2686
    0.4045    0.6128
    0.9468    0.4122
    0.0464    0.6179
    0.9342    0.3161
    0.2366    0.5990
    0.8927    0.3072
    0.4583    0.5628
    0.9506    0.4468
    0.0693    0.6250
    0.8533    0.4409
    0.8433    0.5362
    0.9485    0.4085
    0.0408    0.6277
    0.8513    0.4440
    0.9272    0.2822
    0.9510    0.4482
    0.9423    0.4805
    0.8535    0.4412
    0.8287    0.4741
    0.8932    0.4202
    0.4983    0.5556
    0.4267    0.6127
    0.3554    0.5887
    0.2037    0.6167
    0.8251    0.5108
    0.0469    0.6258
    0.1395    0.6017
    0.9236    0.4450
    0.8355    0.4635
    0.8976    0.5112
    0.0677    0.7352
    0.9455    0.3903
    0.9357    0.4876
    0.4514    0.6119
    0.7816    0.4759
    0.9346    0.4882
    0.0716    0.6104
    0.0403    0.6281
    0.7651    0.5550
    0.5946    0.5422
    0.9086    0.5044
    0.9476    0.4030
    0.7282    0.5356
    0.2187    0.5983
    0.2113    0.5996
    0.1327    0.6015
    0.3742    0.5831
    0.5183    0.5510
    0.9027    0.5117
    0.9091    0.5047
    0.8864    0.4129
    0.9165    0.5048
    0.7625    0.5526
    0.4439    0.6121
    0.0474    0.6338
    0.4422    0.5770
    0.1738    0.6008
    0.9493    0.4576
    0.2076    0.5992
    0.8953    0.3131
    0.9403    0.3950
    0.8410    0.4492
    0.2613    0.5985
    0.8718    0.4414
    0.0931    0.6436
    0.3621    0.5847
    0.9463    0.4696
    0.8627    0.4353
    0.8120    0.4624
    0.3856    0.6145
    0.9059    0.3917
    0.8407    0.5343
    0.9122    0.4500
    0.7963    0.4690
    0.2621    0.5992
    0.9418    0.3748
    0.9409    0.4807
    0.0454    0.7001
    0.9496    0.4326
    0.9501    0.4513
    0.9370    0.3317
    0.8111    0.4612
    0.8916    0.4063
    0.1180    0.6038
    0.4294    0.5680
    0.9092    0.3498
    0.1163    0.6030
    0.9058    0.3283
    0.1996    0.6465
    0.7952    0.5492
    0.8971    0.3991
    0.9009    0.3255
    0.9396    0.3490
    0.2603    0.5980
    0.4531    0.5742
    0.9202    0.4387
    0.1921    0.5987
    0.9200    0.2675
    0.4448    0.5650
    0.0396    0.6299
    0.2229    0.6437
    0.0634    0.6125
    0.6216    0.5586
    0.5686    0.5973
    0.0531    0.6151
    0.9514    0.4414
    0.9476    0.4083
    0.6475    0.5837
    0.8457    0.5362
    0.7614    0.5546
    0.9361    0.4803
    0.2231    0.6443
    0.0683    0.6107
    0.8780    0.2673
    0.4038    0.6138
    0.2360    0.5994
    0.1709    0.5994
    0.1233    0.6041
    0.4258    0.5752
    0.3760    0.5818
    0.9454    0.3828
    0.4769    0.5853
    0.0674    0.7376
    0.0400    0.6304
    0.0482    0.6179
    0.8825    0.5203
    0.3628    0.5847
    0.0394    0.6303
    0.0527    0.6151
    0.9333    0.4881
    0.4073    0.6143
    0.0678    0.7398
    0.6759    0.5788
    0.8920    0.3056
    0.4035    0.6137
    0.8252    0.4547
    0.1400    0.6232
    0.9297    0.3101
    0.3047    0.6361
    0.8411    0.5357
    0.9415    0.3696
    0.2742    0.6053
    0.4601    0.5615
    0.8110    0.4620
    0.9273    0.4970
    0.8705    0.4765
    0.7558    0.4880
    0.9418    0.3577
    0.8998    0.3920
    0.0472    0.7156
    0.9457    0.4719
    0.0576    0.6151
    0.9398    0.4806
    0.7604    0.5559
    0.9021    0.4769
    0.2510    0.5973
    0.9495    0.4587
    0.8624    0.4339
    0.9070    0.3733
    0.0410    0.6571
    0.4480    0.6115
    0.0606    0.6136
    0.4475    0.6111
    0.8626    0.4337
    0.9508    0.4333
    0.8798    0.4222
    0.4121    0.5728
    0.3530    0.5889
    0.3850    0.6146
    0.9245    0.2678
    0.8821    0.2641
    0.1539    0.6009
    0.8732    0.4256
    0.0435    0.6766
    0.9318    0.4630
    0.9449    0.3913
    0.7673    0.5560
    0.3988    0.5750
    0.9064    0.3398
    0.0587    0.6133
    0.0445    0.6861
    0.0952    0.6056
    0.3758    0.5812
    0.9454    0.4730
    0.4642    0.6102
    0.5194    0.6043
    0.8805    0.4200
    0.3120    0.6331
    0.0396    0.6335
    0.8441    0.4657
    0.8755    0.5203
    0.8083    0.5065
    0.1573    0.6481
    0.9497    0.4331
    0.6879    0.5112
    0.3140    0.6031
    0.8990    0.5128
    0.8916    0.4053
    0.2938    0.6009
    0.9331    0.3106
    0.1411    0.6018
    0.3022    0.5993
    0.8841    0.5108
    0.1791    0.5990
    0.8721    0.4276
    0.7554    0.4847
    0.2594    0.5973
    0.9364    0.4880
    0.4774    0.5593
    0.8923    0.3039
    0.9500    0.4263
    0.4727    0.6102
    0.3074    0.6366
    0.8750    0.5196
    0.8809    0.4242
    0.9461    0.3913
    0.2241    0.6437
    0.9406    0.3470
    0.3092    0.6366
    0.8713    0.4263
    0.4394    0.5658
    0.3230    0.6324
    0.7754    0.4772
    0.9332    0.3118
    0.9477    0.4514
    0.9509    0.4494
    0.9258    0.3740
    0.9026    0.4424
    0.2482    0.6349
    0.0397    0.6491
    0.0782    0.6080
    0.8390    0.4488
    0.3106    0.6368
    0.9466    0.4716
    0.6473    0.5837
    0.1696    0.6032
    0.1026    0.6050
    0.9472    0.4005
    0.9428    0.4785
    0.8436    0.5359
    0.2988    0.6098
    0.7213    0.5625
    0.5718    0.5986
    0.7484    0.4958
    0.2811    0.6318
    0.8627    0.5271
    0.0764    0.6094
    0.9459    0.3827
    0.8774    0.2670
    0.8397    0.4481
    0.8498    0.5358
    0.0395    0.6303
    0.9455    0.4696
    0.9222    0.4296
    0.4957    0.6083
    0.1794    0.6034
    0.8871    0.5133
    0.8955    0.3162
    0.7927    0.5489
    0.1195    0.6034
    0.9160    0.5032
    0.9463    0.4626
    0.3037    0.6358
    0.9268    0.4966
    0.7734    0.4778
    0.3103    0.6363
    0.8854    0.2609
    0.9248    0.4651
    0.6893    0.5105
    0.8664    0.5286
    0.0392    0.6299
    0.9515    0.4401
    0.9368    0.3330
    0.9495    0.4634
    0.9512    0.4424
    0.9471    0.3986
    0.2434    0.5967
    0.3104    0.6371
    0.9506    0.4538
    0.2999    0.5974
    0.9202    0.3730
    0.9122    0.3541
    0.2971    0.5962
    0.3755    0.5812
    0.9042    0.3356
    0.9016    0.3853
    0.9499    0.4268
    0.2136    0.6434
    0.4559    0.5622
    0.9031    0.3228
    0.5301    0.6020
    0.9154    0.4721
    0.2146    0.6465
    0.4018    0.5860
    0.9503    0.4336
    0.1411    0.6512
    0.9452    0.4296
    0.4614    0.5616
    0.6690    0.5167
    0.8284    0.4735
    0.9097    0.3470
    0.9346    0.4885
    0.7124    0.5671
    0.9504    0.4549
    0.9467    0.4728
    0.8168    0.5429
    0.1414    0.6015
    0.0389    0.6276
    0.9051    0.3416
    0.0412    0.6253
    0.8311    0.5099
    0.8112    0.4618
    0.8264    0.4533
    0.8908    0.3029
    0.4219    0.6132
    0.2946    0.5945
    0.0409    0.6581
    0.9513    0.4333
    0.3900    0.5777
    0.9450    0.4731
    0.8260    0.4537
    0.9483    0.4068
    0.0438    0.6215
    0.7889    0.4725
    0.6018    0.5385
    0.9471    0.4079
    0.9464    0.4282
    0.0753    0.6112
    0.9134    0.2637
    0.2987    0.5939
    0.7834    0.4804
    0.9457    0.3813
    0.3625    0.6159
    0.8789    0.4204
    0.4493    0.6032
    0.8725    0.4290
    0.3741    0.5811
    0.3062    0.6357
    0.4167    0.5712
    0.8098    0.5433
    0.2345    0.5961
    0.0487    0.7226
    0.5166    0.5522
    0.8815    0.4923
    0.2374    0.5965
    0.9077    0.3675
    0.9241    0.2656
    0.1798    0.5991
    0.3372    0.5938
    0.8808    0.4183
    0.0520    0.6154
    0.0837    0.6094
    0.9429    0.3714
    0.9384    0.3900
    0.0759    0.6489
    0.7071    0.5042
    0.8790    0.5208
    0.3762    0.5818
    0.0489    0.7260
    0.1859    0.6504
    0.3340    0.6323
    0.9492    0.4338
    0.8593    0.4855
    0.4797    0.5576
    0.3470    0.6319
    0.4220    0.6128
    0.9209    0.2639
    0.9458    0.4730
    0.2049    0.5988
    0.4785    0.5581
    0.8792    0.2689
    0.8664    0.5279
    0.3183    0.6377
    0.1334    0.6015
    0.8569    0.4589
    0.1792    0.5994
    0.2505    0.6143
    0.3564    0.6317
    0.1159    0.6045
    0.3720    0.6298
    0.0635    0.6108
    0.8942    0.3144
    0.9495    0.4187
    0.3852    0.6293
    0.9425    0.4807
    0.4012    0.6280
    0.4444    0.5675
    0.8778    0.2637
    0.9512    0.4318
    0.8709    0.5204
    0.0456    0.6205
    0.3847    0.5784
    0.2362    0.5962
    0.9514    0.4444
    0.8860    0.5211
    0.9024    0.5136
    0.2966    0.5923
    0.9481    0.4641
    0.9400    0.3415
    0.7246    0.4966
    0.3610    0.5847
    0.8720    0.4279
    0.9101    0.4952
    0.8883    0.2576
    0.8251    0.5102
    0.9358    0.3269
    0.2393    0.5969
    0.9468    0.3993
    0.0946    0.6048
    0.9451    0.3744
    0.1530    0.6002
    0.8802    0.4673
    0.0692    0.7399
    0.0439    0.6212
    0.5487    0.6017
    0.0962    0.6053
    0.9513    0.4375
    0.8033    0.4652
    0.3689    0.5835
    0.9499    0.4543
    0.0705    0.7416
    0.3424    0.5915
    0.3847    0.5809
    0.7631    0.5304
    0.9404    0.4801
    0.8919    0.3022
    0.9094    0.5056
    0.2233    0.6431
    0.7251    0.4967
    0.4605    0.5629
    0.4454    0.6119
    0.9494    0.4621
    0.8619    0.4333
    0.1253    0.6038
    0.0704    0.7425
    0.4250    0.6263
    0.0460    0.6191
    0.8767    0.2647
    0.0410    0.6679
    0.8775    0.2675
    0.8012    0.4914
    0.9244    0.2654
    0.8401    0.4453
    0.3681    0.5826
    0.8959    0.4494
    0.7711    0.4809
    0.5372    0.5469
    0.9413    0.4023
    0.8524    0.5057
    0.8936    0.3110
    0.9464    0.4711
    0.8805    0.5208
    0.5229    0.5764
    0.5238    0.6054
    0.8529    0.4383
    0.8390    0.4466
    0.1236    0.6547
    0.7930    0.5496
    0.8416    0.5359
    0.9448    0.4493
    0.7829    0.4800
    0.2977    0.5924
    0.2390    0.5964
    0.4461    0.5657
    0.9285    0.4972
    0.9427    0.4792
    0.8406    0.4481
    0.1746    0.5991
    0.9253    0.4970
    0.5466    0.6011
    0.9067    0.3608
    0.8766    0.2618
    0.8601    0.4479
    0.8085    0.4804
    0.0888    0.6142
    0.8707    0.4884
    0.8980    0.4241
    0.9028    0.3327
    0.8442    0.4647
    0.2469    0.6371
    0.8388    0.4457
    0.9450    0.3892
    0.9270    0.4967
    0.2749    0.6037
    0.2508    0.6128
    0.1754    0.6530
    0.3836    0.5784
    0.9041    0.4612
    0.8701    0.5287
    0.8409    0.4538
    0.3399    0.6123
    0.8944    0.2545
    0.1157    0.6045
    0.9341    0.3751
    0.8769    0.2607
    0.3245    0.6372
    0.9168    0.5057
    0.9475    0.3995
    0.8911    0.3004
    0.3951    0.6112
    0.9012    0.3857
    0.9408    0.3486
    0.8892    0.5212
    0.9473    0.4018
    0.8998    0.5046
    0.8248    0.4536
    0.1986    0.6456
    0.9485    0.4653
    0.3094    0.6367
    0.8061    0.4655
    0.8985    0.3169
    0.9480    0.3995
    0.3213    0.6378
    0.1947    0.5993
    0.4426    0.6225
    0.1029    0.6375
    0.0840    0.6073
    0.2380    0.5961
    0.9321    0.3103
    0.8177    0.4601
    0.2717    0.6113
    0.4179    0.6266
    0.9368    0.4891
    0.7741    0.4777
    0.2269    0.5983
    0.8764    0.2674
    0.9455    0.4239
    0.8762    0.2660
    0.1049    0.6586
    0.8862    0.4110
    0.7099    0.5669
    0.8526    0.4399
    0.9508    0.4258
    0.3607    0.5853
    0.3657    0.6307
    0.9461    0.4728
    0.9434    0.4298
    0.2969    0.5906
    0.1407    0.6021
    0.9499    0.4551
    0.8752    0.2590
    0.4165    0.6270
    0.3843    0.5816
    0.8522    0.5061
    0.0439    0.6222
    0.0386    0.6328
    0.9497    0.4339
    0.9177    0.5056
    0.5136    0.6043
    0.8544    0.5045
    0.4439    0.6239
    0.0395    0.6360
    0.3328    0.5951
    0.9442    0.3687
    0.3978    0.6277
    0.2225    0.5961
    0.0938    0.6614
    0.2941    0.5894
    0.4433    0.6238
    0.2356    0.6153
    0.8103    0.4625
    0.8516    0.4381
    0.0664    0.6150
    0.7562    0.4871
    0.0857    0.6640
    0.3259    0.6378
    0.4626    0.6212
    0.7884    0.4712
    0.3287    0.6381
    0.7323    0.5007
    0.8270    0.5353
    0.3162    0.6364
    0.0450    0.7073
    0.8864    0.5213
    0.1587    0.6004
    0.3780    0.5803
    0.3060    0.6360
    0.9474    0.4651
    0.4363    0.6256
    0.2948    0.5881
    0.9063    0.3572
    0.9000    0.3112
    0.4102    0.5715
    0.8715    0.4265
    0.9057    0.3978
    0.9292    0.4977
    0.2931    0.5873
    0.4357    0.6256
    0.0442    0.6207
    0.9045    0.4457
    0.8766    0.2637
    0.3741    0.6310
    0.8795    0.4184
    0.0403    0.6308
    0.8681    0.5286
    0.0425    0.6716
    0.0458    0.7087
    0.8360    0.4651
    0.8857    0.4110
    0.9297    0.3890
    0.7415    0.5547
    0.7741    0.4777
    0.9279    0.3134
    0.0699    0.7437
    0.9026    0.5136
    0.1386    0.6018
    0.8458    0.5361
    0.2553    0.5963
    0.0393    0.6382
    0.9273    0.2819
    0.8700    0.5283
    0.9421    0.4225
    0.9491    0.4656
    0.7992    0.5497
    0.9040    0.3389
    0.8936    0.2510
    0.9081    0.4633
    0.9409    0.3473
    0.9508    0.4330
    0.9410    0.3543
    0.8814    0.2721
    0.9236    0.2637
    0.7437    0.4906
    0.9508    0.4534
    0.8476    0.5355
    0.9031    0.5135
    0.0398    0.6529
    0.7867    0.4756
    0.0458    0.7167
    0.0396    0.6300
    0.8679    0.4697
    0.2244    0.6415
    0.9437    0.4212
    0.4636    0.6209
    0.8909    0.5206
    0.8713    0.4255
    0.8986    0.3167
    0.9497    0.4552
    0.8388    0.4461
    0.2347    0.5962
    0.0847    0.6146
    0.0709    0.7431
    0.2137    0.5965
    0.0391    0.6326
    0.9148    0.4645
    0.8824    0.5198
    0.2881    0.5865
    0.0570    0.6139
    0.9063    0.3932
    0.6788    0.5510
    0.3046    0.5996
    0.0383    0.6300
    0.0940    0.6620
    0.9471    0.3939
    0.8962    0.3172
    0.2837    0.5853
    0.9051    0.5137
    0.9509    0.4270
    0.9496    0.4587
    0.8051    0.4640
    0.3672    0.6308
    0.8901    0.4041
    0.6244    0.5326
    0.0910    0.6078
    0.7063    0.5042
    0.9191    0.4812
    0.3880    0.6303
    0.8039    0.4645
    0.2243    0.6146
    0.1376    0.6049
    0.9284    0.4963
    0.1754    0.6529
    0.4611    0.6238
    0.8911    0.2998
    0.0457    0.6209
    0.8146    0.4842
    0.9211    0.3133
    0.2805    0.5863
    0.9510    0.4527
    0.1116    0.6577
    0.8401    0.5035
    0.8750    0.2572
    0.0822    0.6072
    0.8469    0.5362
    0.2180    0.6465
    0.4836    0.6083
    0.9437    0.4732
    0.9014    0.4427
    0.9440    0.3686
    0.9065    0.5120
    0.0491    0.7288
    0.9375    0.4889
    0.3832    0.5792
    0.8936    0.3977
    0.3382    0.6368
    0.9406    0.3476
    0.9133    0.5049
    0.1632    0.6552
    0.8669    0.4703
    0.2784    0.5853
    0.9326    0.4221
    0.3469    0.6367
    0.8414    0.4547
    0.9492    0.4103
    0.4330    0.6237
    0.0886    0.6069
    0.8944    0.3113
    0.8936    0.3107
    0.9453    0.4731
    0.4888    0.6203
    0.8564    0.4584
    0.9144    0.4779
    0.9472    0.3931
    0.2147    0.5958
    0.9242    0.2624
    0.3530    0.5873
    0.9498    0.4563
    0.0696    0.7430
    0.8719    0.5179
    0.3689    0.5830
    0.9065    0.5129
    0.3353    0.6370
    0.8739    0.2551
    0.0830    0.6071
    0.0413    0.6734
    0.2179    0.6170
    0.4164    0.6267
    0.8830    0.5078
    0.8892    0.4714
    0.8923    0.5004
    0.2768    0.5845
    0.8371    0.4674
    0.8591    0.5281
    0.9224    0.3018
    0.8759    0.2666
    0.1283    0.6542
    0.1639    0.5998
    0.8521    0.4781
    0.8978    0.3901
    0.9238    0.2588
    0.0386    0.6326
    0.9509    0.4571
    0.0400    0.6292
    0.0458    0.7076
    0.9464    0.4734
    0.9069    0.5131
    0.8548    0.5055
    0.3594    0.5859
    0.8501    0.4388
    0.4768    0.5730
    0.0792    0.6071
    0.0532    0.6134
    0.7861    0.5476
    0.8968    0.3917
    0.4402    0.5782
    0.8789    0.4198
    0.0385    0.6354
    0.1500    0.6578
    0.3355    0.6376
    0.3980    0.5852
    0.9364    0.4902
    0.0507    0.6161
    0.9339    0.3548
    0.1476    0.6016
    0.8258    0.4544
    0.0439    0.6253
    0.9511    0.4486
    0.7431    0.4916
    0.9516    0.4485
    0.7966    0.4708
    0.8689    0.5284
    0.9197    0.2555
    0.0707    0.6103
    0.2256    0.5962
    0.0503    0.6590
    0.0395    0.6316
    0.2390    0.5971
    0.8749    0.4410
    0.8758    0.2667
    0.9458    0.4733
    0.8819    0.4813
    0.8603    0.4326
    0.0737    0.6099
    0.9327    0.3125
    0.8696    0.4248
    0.2082    0.6487
    0.1932    0.6165
    0.8821    0.5209
    0.1182    0.6043
    0.9421    0.3645
    0.8779    0.4197
    0.8879    0.4405
    0.9505    0.4564
    0.8751    0.2635
    0.9494    0.4656
    0.8028    0.4640
    0.9275    0.4971
    0.6506    0.5232
    0.2007    0.5964
    0.8504    0.4381
    0.4551    0.6236
    0.9187    0.2665
    0.2595    0.6051
    0.2509    0.6328
    0.9210    0.5037
    0.7891    0.4714
    0.8242    0.4537
    0.1561    0.6006
    0.8502    0.4392
    0.0634    0.6336
    0.8884    0.4614
    0.9072    0.5106
    0.9074    0.5120
    0.8990    0.3869
    0.2010    0.6508
    0.0406    0.6250
    0.1028    0.6052
    0.9434    0.4815
    0.7716    0.4788
    0.9311    0.4959
    0.1564    0.6008
    0.0499    0.6163
    0.9328    0.3117
    0.2455    0.6373
    0.8367    0.4460
    0.9507    0.4329
    0.8757    0.4448
    0.3775    0.5810
    0.3359    0.6378
    0.9322    0.4499
    0.0848    0.6308
    0.2159    0.5963
    0.6980    0.5726
    0.8782    0.4175
    0.4045    0.6283
    0.9067    0.4402
    0.9207    0.4466
    0.7792    0.4963
    0.9506    0.4239
    0.2122    0.6481
    0.9511    0.4321
    0.8619    0.4320
    0.7038    0.5267
    0.4274    0.5684
    0.9005    0.4551
    0.8425    0.5362
    0.9403    0.3704
    0.3596    0.5847
    0.8704    0.5191
    0.7736    0.4778
    0.9281    0.4956
    0.9373    0.4236
    0.2395    0.5960
    0.8849    0.5087
    0.7371    0.5607
    0.1932    0.6011
    0.9320    0.4954
    0.9420    0.4813
    0.2523    0.5958
    0.8612    0.4327
    0.7059    0.5443
    0.1497    0.6579
    0.3939    0.5776
    0.4448    0.6248
    0.9032    0.4015
    0.0427    0.6230
    0.7924    0.4701
    0.3772    0.5803
    0.0668    0.6097
    0.9242    0.2634
    0.8776    0.4456
    0.0451    0.6930
    0.9239    0.4979
    0.8726    0.2552
    0.4255    0.6102
    0.3696    0.5820
    0.9325    0.3082
    0.9101    0.4275
    0.9159    0.4876
    0.8177    0.5422
    0.4442    0.5664
    0.8724    0.5281
    0.2982    0.5866
    0.9331    0.3104
    0.3548    0.6364
    0.9299    0.4961
    0.0906    0.6071
    0.9478    0.4014
    0.8748    0.2666
    0.9390    0.3375
    0.0595    0.6123
    0.0778    0.6083
    0.0390    0.6303
    0.8167    0.4591
    0.3939    0.5774
    0.2727    0.5835
    0.4076    0.5949
    0.2275    0.6418
    0.4113    0.5732
    0.0753    0.6489
    0.8901    0.3019
    0.1634    0.6549
    0.3187    0.6299
    0.1367    0.6013
    0.9338    0.3117
    0.1928    0.6521
    0.3461    0.6374
    0.2706    0.5834
    0.9414    0.4808
    0.2720    0.5830
    0.7862    0.4936
    0.8080    0.5392
    0.9453    0.3879
    0.7907    0.4700
    0.1364    0.6610
    0.2715    0.5827
    0.8845    0.5178
    0.0453    0.6998
    0.9321    0.3062
    0.9474    0.3913
    0.3018    0.6360
    0.9486    0.4035
    0.8429    0.4654
    0.1888    0.5970
    0.2240    0.6435
    0.0447    0.6504
    0.0452    0.6217
    0.9425    0.4813
    0.0474    0.6173
    0.9234    0.2563
    0.1023    0.6049
    0.8496    0.4384
    0.0441    0.6222
    0.3049    0.5859
    0.9308    0.3018
    0.4745    0.5587
    0.8516    0.4418
    0.1672    0.6245
    0.8950    0.2774
    0.9011    0.3796
    0.2657    0.5826
    0.1340    0.6323
    0.4125    0.5723
    0.0448    0.6954
    0.9178    0.3956
    0.8409    0.5346
    0.8862    0.4112
    0.8945    0.3969
    0.9504    0.4269
    0.8502    0.4394
    0.8989    0.4507
    0.0592    0.6181
    0.3662    0.6360
    0.5373    0.5482
    0.9371    0.4860
    0.2459    0.6390
    0.9434    0.4440
    0.9126    0.4231
    0.9512    0.4249
    0.2893    0.6326
    0.3017    0.6360
    0.0586    0.6168
    0.9381    0.4864
    0.6745    0.5324
    0.3669    0.5824
    0.3051    0.6360
    0.8774    0.4205
    0.0568    0.6122
    0.7379    0.5614
    0.9487    0.4655
    0.8189    0.4582
    0.4560    0.5637
    0.4603    0.5638
    0.8899    0.5194
    0.0433    0.6208
    0.8719    0.2531
    0.0768    0.6077
    0.1884    0.5977
    0.8890    0.5202
    0.9200    0.5051
    0.9494    0.4326
    0.8483    0.4385
    0.1809    0.6548
    0.2715    0.5847
    0.1552    0.6021
    0.6473    0.5836
    0.8409    0.5355
    0.9074    0.5122
    0.1376    0.6014
    0.3097    0.5845
    0.0555    0.6124
    0.0478    0.7166
    0.2760    0.6043
    0.7073    0.5437
    0.9052    0.5130
    0.9208    0.5050
    0.3777    0.6354
    0.0613    0.6122
    0.8996    0.5055
    0.2376    0.6147
    0.3903    0.6331
    0.3472    0.6369
    0.9476    0.4720
    0.9380    0.3529
    0.8428    0.5362
    0.9201    0.4101
    0.0497    0.6151
    0.0401    0.6304
    0.4335    0.6255
    0.8770    0.4172
    0.3175    0.5832
    0.9452    0.3842
    0.9490    0.4192
    0.2873    0.5845
    0.0571    0.6125
    0.9349    0.3834
    0.9289    0.4522
    0.1699    0.6558
    0.1662    0.5977
    0.3769    0.6354
    0.7541    0.5249
    0.9204    0.5051
    0.0497    0.6525
    0.1471    0.5986
    0.9499    0.4172
    0.9454    0.4736
    0.9479    0.4033
    0.9028    0.3750
    0.3113    0.6361
    0.2843    0.5843
    0.4973    0.5537
    0.9287    0.2986
    0.7415    0.5544
    0.9269    0.4973
    0.9190    0.3898
    0.1029    0.6057
    0.3170    0.5818
    0.9510    0.4413
    0.9473    0.4736
    0.2807    0.6267
    0.8930    0.3120
    0.9513    0.4418
    0.8768    0.4178
    0.9229    0.4647
    0.1479    0.5990
    0.0428    0.6776
    0.0413    0.6534
    0.8836    0.5090
    0.3558    0.5875
    0.3191    0.6374
    0.9507    0.4156
    0.8912    0.5204
    0.4250    0.5688
    0.9122    0.3503
    0.8438    0.5357
    0.1279    0.6000
    0.5580    0.5421
    0.0586    0.6129
    0.1298    0.6005
    0.8478    0.5356
    0.8924    0.5004
    0.8845    0.5211
    0.0452    0.6183
    0.8658    0.5269
    0.0382    0.6339
    0.0483    0.6178
    0.0780    0.6075
    0.9510    0.4405
    0.9015    0.4840
    0.9500    0.4166
    0.7660    0.4878
    0.9361    0.4802
    0.4790    0.5574
    0.9417    0.3562
    0.8542    0.5059
    0.9151    0.4642
    0.1813    0.6433
    0.2424    0.6403
    0.8742    0.2504
    0.1659    0.6246
    0.9510    0.4336
    0.9395    0.4871
    0.9282    0.4533
    0.9051    0.3543
    0.1915    0.6021
    0.3440    0.6371
    0.9230    0.2551
    0.9058    0.3285
    0.3206    0.5801
    0.3117    0.6357
    0.0422    0.6223
    0.1456    0.5996
    0.9104    0.4680
    0.8759    0.2667
    0.4239    0.5688
    0.0435    0.6212
    0.8702    0.4251
    0.8649    0.4987
    0.0444    0.6190
    0.8871    0.4841
    0.9401    0.3409
    0.0470    0.7186
    0.2057    0.6472
    0.9504    0.4235
    0.5521    0.5551
    0.0433    0.6768
    0.9323    0.3068
    0.9051    0.4481
    0.1881    0.5973
    0.9483    0.4159
    0.8973    0.3929
    0.7621    0.4832
    0.3762    0.5849
    0.7557    0.4874
    0.0421    0.6210
    0.7868    0.4716
    0.3389    0.6292
    0.8477    0.4393
    0.8724    0.2506
    0.0406    0.6264
    0.2037    0.6494
    0.9513    0.4310
    0.9244    0.4694
    0.8843    0.4095
    0.9509    0.4268
    0.9119    0.4212
    0.8898    0.3000
    0.6688    0.5782
    0.8164    0.4597
    0.1022    0.6057
    0.1310    0.6001
    0.9511    0.4236
    0.0690    0.7273
    0.4645    0.6222
    0.9304    0.4952
    0.3239    0.5787
    0.4648    0.6207
    0.9390    0.4879
    0.8213    0.5425
    0.1241    0.6627
    0.8787    0.4642
    0.9412    0.4082
    0.9319    0.4966
    0.8940    0.3131
    0.4634    0.5611
    0.1869    0.6490
    0.8830    0.4096
    0.4253    0.5694
    0.8529    0.4774
    0.9162    0.4131
    0.9007    0.5122
    0.9446    0.4742
    0.9469    0.4094
    0.8956    0.4352
    0.9168    0.3669
    0.3951    0.5756
    0.7219    0.4976
    0.7234    0.4966
    0.8560    0.4584
    0.1289    0.6003
    0.8403    0.5043
    0.9306    0.2991
    0.8914    0.4834
    0.4544    0.5623
    0.8176    0.4579
    0.9472    0.4721
    0.5590    0.5971
    0.9454    0.3848
    0.3979    0.6344
    0.1837    0.5970
    0.4573    0.6233
    0.9464    0.3844
    0.5375    0.5507
    0.8807    0.4845
    0.1309    0.6006
    0.9378    0.3370
    0.8121    0.4790
    0.8137    0.5102
    0.0389    0.6380
    0.9465    0.3866
    0.9510    0.4351
    0.3252    0.5771
    0.4551    0.5636
    0.0717    0.6267
    0.8618    0.4321
    0.4122    0.6310
    0.0722    0.6099
    0.8404    0.5357
    0.9446    0.3799
    0.8717    0.2524
    0.9170    0.5045
    0.9467    0.3838
    0.9508    0.4478
    0.9395    0.4888
    0.5177    0.5498
    0.9126    0.4780
    0.8379    0.4460
    0.9264    0.4534
    0.2153    0.5963
    0.0391    0.6310
    0.3993    0.5760
    0.9403    0.4812
    0.9487    0.4656
    0.8408    0.5351
    0.0469    0.7169
    0.8773    0.4206
    0.9366    0.3364
    0.7650    0.5561
    0.9485    0.4096
    0.9019    0.3292
    0.9039    0.3488
    0.2143    0.5970
    0.9499    0.4664
    0.2739    0.5826
    0.3778    0.6355
